POINTS:
           Alex       Bob    Clara     Denis     Emma    Frida   George     Hank     Ivan     Jack    Kevin    Lucas      Max    Natan
Alex    20000.0  100000.0  20400.0  100000.0  96000.0  20400.0  28000.0  60260.0  91776.0  40244.0  40300.0  94688.0  60764.0  60388.0
Bob         0.0   60000.0  60000.0     300.0  57000.0  60000.0  60000.0  30075.0  53940.0  60000.0  45168.0  55809.0  30543.0  60000.0
Clara   19900.0   60000.0  60000.0   45000.0  58800.0  60000.0  60000.0  44919.0  57709.0  60000.0  45343.0  58270.0  41238.0  60000.0
Denis       0.0   99800.0  45000.0   40000.0  94000.0    900.0  47600.0  44677.0  88215.0  52339.0  44866.0  91062.0  49724.0  39803.0
Emma     1000.0   62000.0  59300.0    4000.0  58000.0   7100.0  59300.0  31655.0  55732.0  59942.0  45374.0  57563.0  31853.0  59174.0
Frida   19900.0   60000.0  60000.0   98900.0  92100.0  60000.0  60000.0  59252.0  89908.0  60000.0  40578.0  88830.0  58052.0  60000.0
George  18000.0   60000.0  60000.0   42100.0  58800.0  60000.0  60000.0  43497.0  57466.0  60000.0  45327.0  58489.0  40586.0  60000.0
Hank     9935.0   79950.0  45134.0   45417.0  76395.0  10762.0  48512.0  45066.0  72676.0  53750.0  45338.0  74748.0  46355.0  47057.0
Ivan     2056.0   64040.0  57769.0    8390.0  60992.0   5133.0  58301.0  33346.0  57822.0  59279.0  45639.0  60208.0  33138.0  57695.0
Jack    14939.0   60000.0  60000.0   37924.0  58372.0  60000.0  60000.0  41035.0  56899.0  60000.0  45577.0  58326.0  38794.0  60000.0
Kevin   14925.0   69888.0  45598.0   45216.0  67639.0  16193.0  49877.0  44898.0  65199.0  55712.0  45018.5  66509.0  43735.0  52656.0
Lucas    1328.0   62794.0  58360.0    6082.0  59613.0   9215.0  58949.0  32168.0  56283.0  59801.0  45764.0  58671.0  32336.0  58689.0
Max      9809.0   79638.0  41458.0   48559.0  76243.0  13822.0  45376.0  44180.0  73078.0  51414.0  42835.0  75391.0  41123.5  48377.0
Natan    9903.0   60000.0  60000.0   52723.0  58804.0  60000.0  60000.0  44227.0  57955.0  60000.0  45341.0  58544.0  43972.0  60000.0

WINS:
        Alex  Bob  Clara  Denis  Emma  Frida  George  Hank  Ivan  Jack  Kevin  Lucas  Max  Natan
Alex     0.5  1.0    1.0    1.0   1.0    1.0     1.0   1.0   1.0   1.0    1.0    1.0  1.0    1.0
Bob      0.0  0.5    0.5    0.0   0.0    0.5     0.5   0.0   0.0   0.5    0.0    0.0  0.0    0.5
Clara    0.0  0.5    0.5    0.5   0.0    0.5     0.5   0.0   0.0   0.5    0.0    0.0  0.0    0.5
Denis    0.0  1.0    0.5    0.5   1.0    0.0     1.0   0.0   1.0   1.0    0.0    1.0  1.0    0.0
Emma     0.0  1.0    1.0    0.0   0.5    0.0     1.0   0.0   0.0   1.0    0.0    1.0  0.0    1.0
Frida    0.0  0.5    0.5    1.0   1.0    0.5     0.5   1.0   1.0   0.5    1.0    1.0  1.0    0.5
George   0.0  0.5    0.5    0.0   0.0    0.5     0.5   0.0   0.0   0.5    0.0    0.0  0.0    0.5
Hank     0.0  1.0    1.0    1.0   1.0    0.0     1.0   0.5   1.0   1.0    1.0    1.0  1.0    1.0
Ivan     0.0  1.0    1.0    0.0   1.0    0.0     1.0   0.0   0.5   1.0    0.0    1.0  0.0    0.0
Jack     0.0  0.5    0.5    0.0   0.0    0.5     0.5   0.0   0.0   0.5    0.0    0.0  0.0    0.5
Kevin    0.0  1.0    1.0    1.0   1.0    0.0     1.0   0.0   1.0   1.0    0.5    1.0  1.0    1.0
Lucas    0.0  1.0    1.0    0.0   0.0    0.0     1.0   0.0   0.0   1.0    0.0    0.5  0.0    1.0
Max      0.0  1.0    1.0    0.0   1.0    0.0     1.0   0.0   1.0   1.0    0.0    1.0  0.5    1.0
Natan    0.0  0.5    0.5    1.0   0.0    0.5     0.5   0.0   1.0   0.5    0.0    0.0  0.0    0.5

MAX SERIA:
        Alex     Bob  Clara   Denis   Emma  Frida  George  Hank   Ivan  Jack  Kevin  Lucas    Max  Natan
Alex     0.0  200.00    1.0  200.00  19.00    1.0    1.00  6.94  32.40  3.54   3.45  23.53  19.51  16.18
Bob      0.0    0.00    0.0    0.00   0.00    0.0    0.00  0.00   0.00  0.00   0.00   0.00   0.00   0.00
Clara    0.0    0.00    0.0    1.00   1.00    0.0    0.00  1.00   1.00  0.00   1.00   1.00   1.00   0.00
Denis    0.0  199.00    1.0    0.00  18.00    1.0    1.00  5.93  35.98  3.71   3.52  23.77  18.44  14.33
Emma     0.0    1.00    1.0    0.00   0.00    1.0    1.00  1.00   1.00  1.00   1.00   0.89   1.00   1.00
Frida    0.0    0.00    0.0  197.00  19.00    0.0    0.00  7.26  30.83  0.00   3.42  24.19  19.07   0.00
George   0.0    0.00    0.0    1.00   1.00    0.0    0.00  1.00   1.00  0.00   1.00   1.00   1.00   0.00
Hank     0.0    6.88    1.0    6.14   6.58    1.0    1.93  3.40   5.84  2.68   2.56   5.88   5.44   4.45
Ivan     0.0    2.01    1.0    1.11   1.96    1.0    1.20  1.55   1.91  1.38   1.31   1.90   1.68   1.89
Jack     0.0    0.00    0.0    1.00   1.00    0.0    0.00  1.00   1.00  0.00   1.00   1.00   1.00   0.00
Kevin    0.0    3.43    1.0    3.63   3.52    1.0    1.63  2.58   3.44  2.19   2.16   3.19   3.08   3.01
Lucas    0.0    1.00    1.0    0.00   0.97    1.0    1.00  0.99   1.00  1.00   1.00   0.53   0.99   1.00
Max      0.0   19.58    1.0   18.09  15.94    1.0    1.67  5.20  15.38  3.19   2.87  15.35   1.00  10.54
Natan    0.0    0.00    0.0   13.82   1.44    0.0    0.00  4.62   2.02  0.00   2.39   1.46   9.14   0.00

AVERAGE POINTS (stochastic):
          Alex      Bob   Clara    Denis    Emma   Frida  George    Hank    Ivan    Jack    Kevin   Lucas      Max   Natan
Alex    200.00  1000.00  204.00  1000.00  960.00  204.00  280.00  602.60  917.76  402.44  403.000  946.88  607.640  603.88
Bob       0.00   600.00  600.00     3.00  570.00  600.00  600.00  300.75  539.40  600.00  451.680  558.09  305.430  600.00
Clara   199.00   600.00  600.00   450.00  588.00  600.00  600.00  449.19  577.09  600.00  453.430  582.70  412.380  600.00
Denis     0.00   998.00  450.00   400.00  940.00    9.00  476.00  446.77  882.15  523.39  448.660  910.62  497.240  398.03
Emma     10.00   620.00  593.00    40.00  580.00   71.00  593.00  316.55  557.32  599.42  453.740  575.63  318.530  591.74
Frida   199.00   600.00  600.00   989.00  921.00  600.00  600.00  592.52  899.08  600.00  405.780  888.30  580.520  600.00
George  180.00   600.00  600.00   421.00  588.00  600.00  600.00  434.97  574.66  600.00  453.270  584.89  405.860  600.00
Hank     99.35   799.50  451.34   454.17  763.95  107.62  485.12  450.66  726.76  537.50  453.380  747.48  463.550  470.57
Ivan     20.56   640.40  577.69    83.90  609.92   51.33  583.01  333.46  578.22  592.79  456.390  602.08  331.380  576.95
Jack    149.39   600.00  600.00   379.24  583.72  600.00  600.00  410.35  568.99  600.00  455.770  583.26  387.940  600.00
Kevin   149.25   698.88  455.98   452.16  676.39  161.93  498.77  448.98  651.99  557.12  450.185  665.09  437.350  526.56
Lucas    13.28   627.94  583.60    60.82  596.13   92.15  589.49  321.68  562.83  598.01  457.640  586.71  323.360  586.89
Max      98.09   796.38  414.58   485.59  762.43  138.22  453.76  441.80  730.78  514.14  428.350  753.91  411.235  483.77
Natan    99.03   600.00  600.00   527.23  588.04  600.00  600.00  442.27  579.55  600.00  453.410  585.44  439.720  600.00

MEDIAN POINTS (stochastic):
         Alex     Bob  Clara   Denis   Emma  Frida  George    Hank   Ivan   Jack  Kevin   Lucas     Max  Natan
Alex    200.0  1000.0  204.0  1000.0  960.0  204.0   280.0  602.00  920.0  404.0  404.0  968.00  604.00  600.0
Bob       0.0   600.0  600.0     3.0  570.0  600.0   600.0  300.00  540.0  600.0  453.0  574.50  303.00  600.0
Clara   199.0   600.0  600.0   450.0  588.0  600.0   600.0  451.00  577.0  600.0  455.5  592.50  410.50  600.0
Denis     0.0   998.0  450.0   400.0  940.0    9.0   476.0  444.00  880.0  523.0  446.5  954.00  501.00  398.5
Emma     10.0   620.0  593.0    40.0  580.0   71.0   593.0  318.00  556.0  599.0  452.0  596.00  319.50  593.0
Frida   199.0   600.0  600.0   989.0  921.0  600.0   600.0  595.00  901.0  600.0  404.0  907.00  581.00  600.0
George  180.0   600.0  600.0   421.0  588.0  600.0   600.0  434.50  574.0  600.0  452.5  591.00  405.00  600.0
Hank     99.5   800.0  453.0   456.0  763.5  107.0   485.0  449.75  727.0  538.5  454.0  766.00  458.50  468.0
Ivan     20.0   640.0  578.0    85.5  611.0   43.0   583.0  335.50  578.0  593.0  454.0  616.00  333.00  578.0
Jack    149.0   600.0  600.0   380.0  584.0  600.0   600.0  413.00  569.5  600.0  457.5  591.00  384.50  600.0
Kevin   149.0   698.0  456.0   453.5  677.0  162.0   498.0  450.50  650.5  559.0  451.0  676.00  434.50  527.5
Lucas     8.0   617.0  593.0    31.5  584.0   93.0   593.0  316.00  559.0  599.0  457.0  592.75  319.50  593.0
Max      99.0   798.0  413.0   483.5  762.0  140.5   452.0  440.50  732.0  516.5  428.5  767.50  410.75  483.5
Natan   100.0   600.0  600.0   527.5  588.0  600.0   600.0  446.00  579.0  600.0  454.5  591.00  445.50  600.0

MODE POINTS (stochastic):
              Alex          Bob       Clara        Denis        Emma       Frida      George        Hank        Ivan        Jack       Kevin       Lucas         Max       Natan
Alex    200.041667  1000.083333  204.083333  1000.083333  960.083333  204.083333  280.083333  604.666667  935.000000  407.666667  426.000000  952.000000  592.333333  587.000000
Bob       0.083333   600.041667  600.083333     3.083333  570.083333  600.083333  600.083333  304.000000  545.000000  600.083333  457.000000  566.750000  285.000000  600.083333
Clara   199.083333   600.083333  600.041667   450.083333  588.083333  600.083333  600.083333  458.500000  577.583333  600.083333  464.000000  588.750000  408.583333  600.083333
Denis     0.083333   998.083333  450.083333   400.041667  940.083333    9.083333  476.083333  449.583333  888.416667  519.583333  451.916667  931.666667  505.333333  392.250000
Emma     10.083333   620.083333  593.083333    40.083333  580.041667   71.083333  593.083333  322.916667  556.500000  601.750000  448.000000  585.916667  330.250000  590.500000
Frida   199.083333   600.083333  600.083333   989.083333  921.083333  600.041667  600.083333  599.833333  913.000000  600.083333  403.166667  895.833333  579.333333  600.083333
George  180.083333   600.083333  600.083333   421.083333  588.083333  600.083333  600.041667  431.250000  573.500000  600.083333  439.916667  586.333333  401.000000  600.083333
Hank     98.833333   810.666667  460.583333   453.333333  756.666667  101.500000  480.833333  447.125000  717.916667  547.166667  462.666667  786.083333  459.000000  456.833333
Ivan     19.750000   643.333333  577.583333    90.250000  610.250000   34.166667  583.250000  344.166667  578.083333  596.416667  442.750000  624.416667  351.333333  583.416667
Jack    148.083333   600.083333  600.083333   377.333333  582.166667  600.083333  600.083333  416.250000  572.166667  600.041667  452.500000  583.416667  364.250000  600.083333
Kevin   152.166667   695.333333  464.000000   452.250000  680.083333  160.000000  487.416667  458.750000  654.416667  545.500000  446.958333  686.583333  445.833333  512.916667
Lucas    12.000000   622.166667  591.000000    47.083333  590.416667   58.250000  593.250000  305.000000  563.250000  599.750000  453.583333  588.458333  292.000000  596.166667
Max     101.916667   810.000000  409.166667   477.833333  756.083333  153.250000  451.416667  467.500000  737.083333  519.833333  431.833333  789.583333  418.041667  494.916667
Natan   103.250000   600.083333  600.083333   535.583333  585.000000  600.083333  600.083333  467.250000  579.750000  600.083333  459.666667  593.833333  442.916667  600.041667

VARIANCE POINTS (stochastic):
              Alex          Bob       Clara        Denis        Emma       Frida      George         Hank        Ivan        Jack        Kevin         Lucas          Max        Natan
Alex      0.000000     0.000000    0.000000     0.000000    0.000000    0.000000    0.000000   733.858586  335.941818  602.794343   558.989899   3414.652121  2320.838788   611.702626
Bob       0.000000     0.000000    0.000000     0.000000    0.000000    0.000000    0.000000   529.159091  164.181818    0.000000   351.330909   2291.173636  1473.035455     0.000000
Clara     0.000000     0.000000    0.000000     0.000000    0.000000    0.000000    0.000000   256.014040   25.900909    0.000000   627.863737    481.282828   584.258182     0.000000
Denis     0.000000     0.000000    0.000000     0.000000    0.000000    0.000000    0.000000  1445.694040  499.058081  183.270606   455.135758  11528.298586  2832.426667   167.120303
Emma      0.000000     0.000000    0.000000     0.000000    0.000000    0.000000    0.000000   429.744949  175.755152   12.549091   310.396364   2391.750606  1367.423333    71.406465
Frida     0.000000     0.000000    0.000000     0.000000    0.000000    0.000000    0.000000   956.211717  541.892525    0.000000   623.264242   3983.222222  1804.696566     0.000000
George    0.000000     0.000000    0.000000     0.000000    0.000000    0.000000    0.000000   293.140505   36.489293    0.000000   570.239495    329.755455   643.414545     0.000000
Hank     45.866162   235.181818  257.539798  1379.071818  173.785354   69.025859  153.682424   523.351111  433.557980  287.646465   471.692525   4549.848081  2393.502525   874.328384
Ivan     20.996364    72.969697   25.327172   255.686869   70.781414  846.465758   14.474646   512.069091   56.551919   44.329192   379.452424   1987.508687  1650.783434   245.138889
Jack     37.674646     0.000000    0.000000   155.557980    5.577374    0.000000    0.000000   379.845960   81.767576    0.000000   424.461717    617.790303   934.501414     0.000000
Kevin    34.936869   156.147071  619.635960   442.438788  129.088788   93.601111  339.512222   625.413737  211.848384  304.611717  1194.073838   2053.618081  1182.977273   980.127677
Lucas   213.415758  1018.299394  452.727273  5075.381414  872.881919  995.967172  109.706970  1258.967273  862.829394   29.121111   335.727677   1052.528889  1588.232727   599.896869
Max     145.052424   654.682424  577.680404  2868.102929  550.308182  312.577374  357.052929   933.212121  733.506667  461.374141   545.199495   3200.304949  1096.352626  1175.613232
Natan    38.231414     0.000000    0.000000   227.532424   30.988283    0.000000    0.000000   841.370808  107.260101    0.000000   410.385758    376.491313  1612.870303     0.000000

